观测矩阵 A_i（论文式(26): x = A_i · s + e）
生成方式: scale_i * A_base, A_base = np.random.default_rng(40).normal(0, 1, size=(20, 2))，共享基底乘以各模态尺度因子
形状: 每个 20 x 2  (n_features x state_dim)
说明: 与 data/ 下已保存数据所用的完全一致，确定性可复现
======================================================================

# Mode 1  A_1
#   |元素|均值=1.3769  Frobenius范数=10.5965  条件数=1.7698  列范数=[6.2142, 8.5832]
   -2.284185  -2.138673
   -1.514515   1.537316
   -2.075871  -2.052073
   -0.785239   2.775458
   -1.834902  -1.393462
    0.386618   0.289304
    0.772188  -1.141177
   -1.871167  -2.671035
    0.659040  -0.415082
    0.853542   0.090019
    2.780948   1.166320
    0.330409   0.088015
   -1.020387  -0.774665
   -0.640036   3.043850
   -0.378360  -1.193286
    0.483000   1.444510
   -2.256368  -4.662402
   -0.541270   2.049886
   -1.384204   1.258787
    0.657167   1.381468

# Mode 2  A_2
#   |元素|均值=1.7103  Frobenius范数=13.3255  条件数=1.2592  列范数=[9.3491, 9.4954]
   -1.278420  -0.703626
    3.216588   1.381145
   -5.005920   2.518000
    4.023495  -0.535181
    1.637102  -1.703927
    0.102517   0.170689
   -1.249547   1.816015
    1.091747   1.282080
    1.807258  -4.354640
    0.695541  -3.196444
   -0.840333  -0.081980
   -2.180801   0.234471
   -2.700127  -0.926607
    1.730327  -1.985740
    0.331768  -3.086861
    0.566207  -3.508695
   -2.024837  -3.420314
    0.454371  -2.046728
   -1.129890   0.473741
    1.795160   1.123976

# Mode 3  A_3
#   |元素|均值=1.4733  Frobenius范数=11.9568  条件数=1.5202  列范数=[6.6115, 9.9626]
   -0.479942   2.898033
    1.727768  -0.330849
    3.760896  -1.918070
   -0.274103   2.595365
    1.444243   0.980950
   -0.648875  -1.930309
   -0.720183   1.068201
   -0.939442  -2.738554
   -0.660689   4.404437
    2.053122   4.405964
    0.294070  -0.074547
   -0.790203   3.872775
   -1.367538   0.125840
    1.656595  -2.482169
   -0.823941  -1.401006
   -0.084318   1.330264
   -1.439265   1.047553
   -1.152126   0.008913
   -0.286688  -1.410754
   -2.867939  -0.433985

# Mode 4  A_4
#   |元素|均值=1.8458  Frobenius范数=13.3748  条件数=1.1977  列范数=[8.7731, 10.0954]
   -0.420304   4.353377
    2.792461   2.741954
   -0.784508   3.069083
    2.406832   0.817869
    3.338451   1.125115
    1.277135   0.265240
   -1.325958   2.777367
   -2.282330   0.923520
   -2.236721   0.417293
   -1.755350   1.982747
   -0.884009  -0.625375
   -1.428068  -1.244415
   -1.314821   2.764508
    0.543991  -1.785159
    2.764526   0.711057
    1.775783   2.160170
   -2.061753  -1.134135
    0.398301   3.598245
    2.242136  -3.145989
   -3.111138   3.045986

======================================================================
各模态训练样本统计量（逐变量，按列）
======================================================================

# Mode 1  (n_samples=1000, n_features=20)
  均值: -10.727503   1.500842  -10.091669   6.577292  -7.676523   1.585011  -1.799839  -11.504733   0.081012   1.933011   8.864112   0.926817  -4.272557   7.621496  -4.199452   5.198594  -18.043803   4.969117   0.945640   5.325795
  方差:  9.971872   4.904180   8.740142   8.863998   5.551376   0.469461   2.177552   10.930388   0.821196   0.950115   9.240367   0.356340   1.883160   10.243310   1.896638   2.686966   27.396060   4.944150   3.838943   2.626536

# Mode 2  (n_samples=1000, n_features=20)
  均值: -4.610378   10.466729  -2.351595   6.340582  -1.866714   0.701236   2.984439   5.954532  -9.447320  -8.192538  -1.926507  -3.591984  -8.132816  -2.523116  -8.549350  -9.345275  -14.237755  -5.231584  -0.826766   6.860893
  方差:  2.540240   12.835060   31.590190   16.975848   5.659725   0.289669   4.929079   3.130518   21.840506   10.770937   0.989265   5.136890   8.664694   7.011415   9.762276   12.677953   16.644425   4.533113   1.737949   4.913944

# Mode 3  (n_samples=1000, n_features=20)
  均值:  7.657130   2.509347   1.904308   7.155641   5.846714  -7.050521   1.734115  -10.062150   11.757437   17.289046   0.397140   9.925009  -2.406330  -4.051036  -5.836898   3.764412   0.189901  -2.290199  -4.763968  -7.103750
  方差:  9.007467   3.295683   17.606123   7.180456   3.072087   4.291269   1.969077   8.629829   20.551605   23.390291   0.352074   16.267873   1.959706   9.415815   2.871432   2.101165   3.494762   1.465397   2.355951   8.050491

# Mode 4  (n_samples=1000, n_features=20)
  均值:  12.287013   13.747372   7.718750   7.182611   9.979895   3.309272   5.709174  -1.687320  -3.161343   2.511776  -3.627679  -6.572799   5.728794  -4.305339   7.568965   9.993398  -7.474513   11.606434  -5.089763   3.059193
  方差:  18.292681   16.371010   9.488553   7.167758   13.604970   2.087477   9.036174   6.278444   5.653629   6.875281   1.572199   4.148796   9.072955   3.431215   8.935726   8.332376   6.198276   12.817960   14.427734   18.586593
